# Energy (eV)   Sigma_Exact (a.u.) Sigma_Compilation (a.u.)     Sigma_Trotter1 (a.u.)   Sigma_Trotter2 (a.u.)   Sigma_Magnus2 (a.u.)
0.000000       0.000000000000       
0.170290       0.000000661014       
0.340581       0.000000025519       
0.510871       0.000000000000       
0.681161       0.000003100039       
0.851451       0.000000000000       
1.021742       0.000001453247       
1.192032       0.000000210626       
1.362322       0.000000037882       
1.532613       0.000000033480       
1.702903       0.000000021350       
1.873193       0.000000010118       
2.043483       0.000000000000       
2.213774       0.000000000000       
2.384064       0.000000000000       
2.554354       0.000000000000       
2.724645       0.000000000000       
2.894935       0.000000000000       
3.065225       0.000000000000       
3.235515       0.000000000000       
3.405806       0.000000000000       
3.576096       0.000000000000       
3.746386       0.000000000000       
3.916677       0.000000000000       
4.086967       0.000000000000       
4.257257       0.000000000000       
4.427547       0.000000000000       
4.597838       0.000000000000       
4.768128       0.000000000000       
4.938418       0.000000000000       
5.108709       0.000000000000       
5.278999       0.000000000000       
5.449289       0.000000000000       
5.619579       0.000000000000       
5.789870       0.000000000000       
5.960160       0.000000000000       
6.130450       0.000000000000       
6.300741       0.000000000000       
6.471031       0.000000000000       
6.641321       0.000000000000       
6.811611       0.000000000000       
6.981902       0.000000000000       
7.152192       0.000000000000       
7.322482       0.000000000000       
7.492773       0.000000000000       
7.663063       0.000000000000       
7.833353       0.000000000000       
8.003643       0.000000000000       
8.173934       0.000000000000       
8.344224       0.000000000000       
8.514514       0.000000000000       
8.684805       0.000000000000       
8.855095       0.000000000000       
9.025385       0.000000000000       
9.195675       0.000000000000       
9.365966       0.000000000000       
9.536256       0.000000000000       
9.706546       0.000000000000       
9.876837       0.000000000000       
10.047127      0.000000000000       
10.217417      0.000000000000       
10.387707      0.000000000000       
10.557998      0.000000000000       
10.728288      0.000000000000       
10.898578      0.000000000000       
11.068869      0.000000000000       
11.239159      0.000000000000       
11.409449      0.000000000000       
11.579739      0.000000000000       
11.750030      0.000000000000       
11.920320      0.000000000000       
12.090610      0.000000000000       
12.260901      0.000000000000       
12.431191      0.000000000000       
12.601481      0.000000000000       
12.771771      0.000000000000       
12.942062      0.000000000000       
13.112352      0.000000000000       
13.282642      0.000000000000       
13.452933      0.000000000000       
13.623223      0.000000000000       
13.793513      0.000000000000       
13.963803      0.000000000000       
14.134094      0.000000000000       
14.304384      0.022188181296       
14.474674      0.000000000000       
14.644965      1.000000000000       
14.815255      0.000000000000       
14.985545      0.000000000000       
15.155835      0.000000000000       
15.326126      0.000000000000       
15.496416      0.000000000000       
15.666706      0.000000000000       
15.836997      0.000000000000       
16.007287      0.000000000000       
16.177577      0.000000000000       
16.347867      0.000000000000       
16.518158      0.000000000000       
16.688448      0.000000000000       
16.858738      0.000000000000       
17.029029      0.000000000000       
17.199319      0.000000000000       
17.369609      0.000000000000       
17.539899      0.000000000000       
17.710190      0.000000000000       
17.880480      0.000000000000       
18.050770      0.000000000000       
18.221061      0.000000000000       
18.391351      0.000000000000       
18.561641      0.000000000000       
18.731931      0.000000000000       
18.902222      0.000000000000       
19.072512      0.000000000000       
19.242802      0.000000000000       
19.413093      0.000000000000       
19.583383      0.000000000000       
19.753673      0.000000000000       
19.923963      0.000000000000       
20.094254      0.000000000000       
20.264544      0.000000000000       
20.434834      0.000000000000       
20.605125      0.000000000000       
20.775415      0.000000000000       
20.945705      0.000000000000       
21.115995      0.000000000000       
