# Energy (eV)   Sigma_Exact (a.u.) Sigma_Compilation (a.u.)     Sigma_Trotter1 (a.u.)   Sigma_Trotter2 (a.u.)   Sigma_Magnus2 (a.u.)
0.000000       0.000000000000       
0.170290       0.000288552489       
0.340581       0.000093808120       
0.510871       0.000000000000       
0.681161       0.000013493856       
0.851451       0.000020899520       
1.021742       0.000021027683       
1.192032       0.000020664269       
1.362322       0.000020718642       
1.532613       0.000021442740       
1.702903       0.000022140265       
1.873193       0.000024035030       
2.043483       0.000025772784       
2.213774       0.000028075139       
2.384064       0.000030730292       
2.554354       0.000033761328       
2.724645       0.000037181614       
2.894935       0.000040988923       
3.065225       0.000045308642       
3.235515       0.000049918699       
3.405806       0.000055203898       
3.576096       0.000060840847       
3.746386       0.000067526483       
3.916677       0.000074038170       
4.086967       0.000082034455       
4.257257       0.000090465531       
4.427547       0.000099826989       
4.597838       0.000110186967       
4.768128       0.000121591461       
4.938418       0.000134236550       
5.108709       0.000148220204       
5.278999       0.000163667141       
5.449289       0.000180834674       
5.619579       0.000199882600       
5.789870       0.000221017692       
5.960160       0.000244510695       
6.130450       0.000270683255       
6.300741       0.000299742634       
6.471031       0.000332263153       
6.641321       0.000367983921       
6.811611       0.000408780774       
6.981902       0.000458056847       
7.152192       0.000499340866       
7.322482       0.000562619341       
7.492773       0.000624245077       
7.663063       0.000695328191       
7.833353       0.000774765919       
8.003643       0.000864193285       
8.173934       0.000964603270       
8.344224       0.001077336111       
8.514514       0.001207877339       
8.684805       0.001340956933       
8.855095       0.001516159914       
9.025385       0.001691095008       
9.195675       0.001900521141       
9.365966       0.002134314091       
9.536256       0.002400618997       
9.706546       0.002703070377       
9.876837       0.003047500339       
10.047127      0.003440553897       
10.217417      0.003889585386       
10.387707      0.004404542956       
10.557998      0.004995547137       
10.728288      0.005680649194       
10.898578      0.006458877391       
11.068869      0.007378302785       
11.239159      0.008436479397       
11.409449      0.009674953630       
11.579739      0.011126438437       
11.750030      0.012836109862       
11.920320      0.014859669809       
12.090610      0.017268335457       
12.260901      0.020152656081       
12.431191      0.023630680931       
12.601481      0.027854916434       
12.771771      0.033030001853       
12.942062      0.039428023960       
13.112352      0.047421354800       
13.282642      0.057525616360       
13.452933      0.070468647767       
13.623223      0.087299169848       
13.793513      0.109570985940       
13.963803      0.139608111120       
14.134094      0.181104606594       
14.304384      0.239919649216       
14.474674      0.325939004432       
14.644965      0.456318994985       
14.815255      0.662064564765       
14.985545      1.000000000000       
15.155835      0.000000000000       
15.326126      0.000000000000       
15.496416      0.000000000000       
15.666706      0.000000000000       
15.836997      0.000000000000       
16.007287      0.000000000000       
16.177577      0.000000000000       
16.347867      0.000000000000       
16.518158      0.000000000000       
16.688448      0.000000000000       
16.858738      0.000000000000       
17.029029      0.000000000000       
17.199319      0.000000000000       
17.369609      0.000000000000       
17.539899      0.000000000000       
17.710190      0.000000000000       
17.880480      0.000000000000       
18.050770      0.000000000000       
18.221061      0.000000000000       
18.391351      0.000000000000       
18.561641      0.000000000000       
18.731931      0.000000000000       
18.902222      0.000000000000       
19.072512      0.000000000000       
19.242802      0.000000000000       
19.413093      0.000000000000       
19.583383      0.000000000000       
19.753673      0.000000000000       
19.923963      0.000000000000       
20.094254      0.000000000000       
20.264544      0.000000000000       
20.434834      0.000000000000       
20.605125      0.000000000000       
20.775415      0.000000000000       
20.945705      0.000000000000       
21.115995      0.000000000000       
