Step,Energy (Hartree)
0  -0.954892953405
1  -0.954892954121
2  -0.954892948991
3  -0.954892975782
4  -1.121962873509
5  -1.804194270642
6  -1.804194276296
7  -1.804194273431
8  -1.804194270623
9  -1.810571148999
10  -1.852869175689
11  -1.852869176549
12  -1.852869175797
13  -1.852869173521
14  -1.855730076107
15  -1.855730075878
16  -1.855730076194
17  -1.855730077557
18  -1.857270579873
19  -1.857270579867
20  -1.857270579820
21  -1.857270579852
22  -1.857274867229
23  -1.857274867229
24  -1.857274867239
25  -1.857274867225
